1135.0,505.0,1165.0,565.0,1.0,5.0
819.0,476.0,837.0,521.0,0.0,4.0
1296.0,422.0,1312.0,459.0,0.0,3.0
920.0,480.0,934.0,518.0,0.0,2.0
1130.0,468.0,1166.0,563.0,0.0,1.0
820.8813718096974,478.3078055265458,838.1183285498712,522.6917949528788,0.0,4.0
1300.8147827744542,425.45971531592284,1315.1844181843953,460.539785283358,0.0,3.0
923.1968271462154,481.5098003756909,938.802373812634,521.48970022359,0.0,2.0
1129.119730947256,470.69169985022296,1165.880368932888,566.3077008689139,0.0,1.0
824.7111057748665,480.0425482133141,840.117077336519,520.2431448528818,0.0,4.0
1301.3106157458888,425.34547898278186,1315.1463743307218,459.05453587088095,0.0,3.0
925.2222878131684,478.8318984273431,941.9487121239893,520.6825124821008,0.0,2.0
1127.0433622241144,471.40716815053065,1162.242702183653,562.1643665184897,0.0,1.0
1128.1610584774846,509.54927770566536,1156.3471468684286,563.9427010439924,1.0,5.0
826.4466540619037,477.418365844708,842.7147782689203,520.0665221819811,0.0,4.0
1301.4349861032688,425.24245960044544,1315.746772067991,459.6161192026355,0.0,3.0
927.0261903911562,478.00581843362295,943.3776706014742,518.2164916335117,0.0,2.0
1123.6672852338293,471.13645149001246,1158.6763658143982,559.1262569576157,0.0,1.0
828.333245846592,475.3756542325386,844.8427621723577,518.1904163868148,0.0,4.0
1301.3162443195802,424.5209944619623,1315.947880827869,459.65510624750897,0.0,3.0
928.104376082046,477.61840606558883,944.411264185735,517.9162211999836,0.0,2.0
1120.6682646074948,472.759239680645,1154.5834267467892,560.0458092086504,0.0,1.0
829.592801008131,472.45384719025185,846.7397155713908,516.162497746902,0.0,4.0
1301.2000285288882,424.22366669905284,1315.9999000998632,459.7565054012789,0.0,3.0
927.8120162597622,475.8634982850776,944.9834341361634,517.2945497586836,0.0,2.0
1118.6466121606563,472.06308932519937,1151.8855321626165,558.4683557532683,0.0,1.0
831.6265421373762,473.86067919695614,847.6330718004817,514.2869200154024,0.0,4.0
1300.8702329376163,423.0837892541042,1315.4657560280618,459.2883021697867,0.0,3.0
929.174970633192,475.6978811424519,944.9984117749335,514.5428579872125,0.0,2.0
1116.747070742428,469.5113181383832,1148.994653476938,553.287756579563,0.0,1.0
832.1838732973114,473.20343946723403,847.6214485704387,512.766839393942,0.0,4.0
1300.104631689867,423.3670310824514,1314.366538063724,458.537607004591,0.0,3.0
929.7255504097923,475.3854763837032,944.688057385956,512.5793320775255,0.0,2.0
1112.6121045239595,468.300223440428,1144.3354841783946,550.6785491168234,0.0,1.0
831.6910702451163,473.82222878725463,847.1836769423795,513.2568545351303,0.0,4.0
1298.3799161368502,425.0250107643512,1312.3973302061668,459.1630447997947,0.0,3.0
928.74159463547,475.77626847218187,944.0196108863109,513.2778697477261,0.0,2.0
1109.302852820054,469.1992538264941,1139.1628917037108,548.9625387012262,0.0,1.0
828.7099411096101,474.52971535137164,843.4027707608154,512.3066502706728,0.0,4.0
1294.3119567308122,423.10672396041485,1309.1391051348592,458.7034598796584,0.0,3.0
927.1542015621483,475.9990321452537,941.8635680070406,512.8163763394081,0.0,2.0
1104.5571665734049,469.05809908912204,1134.0831989852602,548.4183583749729,0.0,1.0
827.3232668768178,475.4866770972138,841.852451356307,512.1353161093873,0.0,4.0
1289.49590626613,424.6792015877137,1304.0554698280189,460.2731492624172,0.0,3.0
925.6044218298622,475.9288295940179,940.7029533334604,512.8956966791017,0.0,2.0
1099.220880356476,471.44691859906845,1127.6783463277668,548.4063788307217,0.0,1.0
823.7750807428135,475.19373606375734,838.4352589888861,512.7219069297508,0.0,4.0
1285.7845498561012,426.81393501004703,1299.6316923255688,460.72892487957876,0.0,3.0
923.1391998259294,476.15878983066574,937.7769476807971,512.7253359696907,0.0,2.0
1092.3993397773806,472.9132667574361,1119.9076391815156,548.6137029517213,0.0,1.0
821.198182926567,475.66740975544127,835.974855690987,513.9077976282014,0.0,4.0
1281.3008739476256,425.8772675280884,1295.1652502273248,460.0218784560976,0.0,3.0
919.6243814778794,476.1526304056187,934.3379546835312,512.7824118068484,0.0,2.0
1086.2107258057542,473.0034448812013,1113.107713974253,547.4714758586225,0.0,1.0
816.6795458514662,475.4337194128785,831.5073529374317,513.8548038945437,0.0,4.0
1274.776503497566,425.2430892710217,1288.6260288547119,459.2218593420179,0.0,3.0
914.5753955333138,476.05098940694165,928.943826950108,512.1321209837818,0.0,2.0
1078.654270078196,472.8605042758856,1105.2092979472195,546.4472030992979,0.0,1.0
813.343942143316,475.140358148002,828.593126832783,513.9915504338569,0.0,4.0
1270.8019292157528,424.848386264039,1284.615995501732,458.37017642747577,0.0,3.0
911.1391553556837,475.38629106167605,925.7067487976515,511.79019846018775,0.0,2.0
1071.4393315148557,472.63332132828725,1097.8267186008163,545.5372460595615,0.0,1.0
808.201848707246,474.45135507912687,822.9964783191774,513.0349362474699,0.0,4.0
1262.5105136351915,422.9950684288285,1277.2593918779191,458.3142999914734,0.0,3.0
907.0278722887613,475.26210005480687,921.3706207820501,511.639246268535,0.0,2.0
1063.9711524418678,471.69408487525834,1089.5100986466093,543.0381179235908,0.0,1.0
805.4337298091905,475.0527212777607,819.9171449305445,513.4873162261271,0.0,4.0
1257.863413862267,424.0833512268297,1271.6751340930368,459.06525780381685,0.0,3.0
902.9870318678733,476.019353883096,917.1840512348655,512.4235363931912,0.0,2.0
1057.7882051346905,472.5592620785675,1082.7184193397757,541.9748854490604,0.0,1.0
802.0799897984016,475.125116829899,816.7327449887473,513.793335484808,0.0,4.0
1255.2405634697006,420.8874616694833,1269.1051405036487,455.8793265116075,0.0,3.0
899.7639692705884,475.4624984131243,913.8703632751335,511.92745179059636,0.0,2.0
1052.5049041014634,470.94282843070755,1076.737743442762,538.9960837170931,0.0,1.0
1251.0860017154457,422.24835855592823,1264.8401776969083,455.69828313851895,0.0,3.0
896.7722437802087,475.45535594512893,910.8663863223836,512.3636001346857,0.0,2.0
1046.379478949548,472.2191768217848,1070.4864587495783,538.7726988416991,0.0,1.0
1247.065279630586,420.11763628833387,1260.7946338887007,452.9397611178897,0.0,3.0
894.8250465731215,476.0061975480223,909.2859551431662,513.5332817903426,0.0,2.0
1041.8839142387046,471.72327152468347,1066.0817878664516,538.2583858257345,0.0,1.0
1244.2358787996961,419.07141088116634,1257.2242518446176,451.0153436248148,0.0,3.0
894.2221019279007,475.853787778049,908.6355528224371,514.208145652058,0.0,2.0
1038.0795899101358,472.5672742194027,1061.247342981373,537.9867066419064,0.0,1.0
1242.6718973212262,416.7865153346145,1256.016303816118,449.4938272963948,0.0,3.0
893.7425520410989,474.4746943640643,908.4356376339899,513.3268606636054,0.0,2.0
1035.4514307914044,470.4488120741486,1056.7430040498296,533.3168717484347,0.0,1.0
1240.891497113476,417.6254042777161,1254.4925077715152,450.87864276198076,0.0,3.0
893.5291745269018,475.45101472576886,907.9880869494995,513.9523588468016,0.0,2.0
1032.12838850007,473.3903197144301,1053.3020414995015,535.3891428280789,0.0,1.0
1030.7931815241473,476.9184989219885,1051.6991193927597,538.2719860349436,1.0,7.0
1238.9792603980259,416.35673813076886,1252.7571815171837,449.9813956128431,0.0,3.0
892.486044501605,475.4038658938444,907.4786708783711,513.7568024830996,0.0,2.0
1030.4541649864886,473.4635938329492,1051.3512584099626,535.5583964542795,0.0,1.0
795.1958537989582,480.2190333428757,809.0327897759756,517.9806398765414,0.0,8.0
1027.4084450918206,478.7157528551199,1048.0495420205514,538.7541096331656,1.0,7.0
1236.9806138970687,417.72297500481284,1250.918429198962,451.95806853903866,0.0,3.0
892.0791907195282,476.02410802619534,907.5621545820918,515.3841823074049,0.0,2.0
1026.8424893564081,474.1530942531141,1048.2991800374882,536.4825020246892,0.0,1.0
1238.1460637394316,415.34169158041175,1252.0952331424392,449.2197649470769,0.0,3.0
894.3425415036163,474.0952419338611,910.0523453212486,513.2868002619442,0.0,2.0
1025.8970298327715,472.48790433319914,1047.7604164553788,534.6942509993261,0.0,1.0
1239.0993837775052,418.3664525266761,1253.793385586708,452.42013251159597,0.0,3.0
895.7936638782784,475.5021770883165,911.7224810428701,515.2627995066262,0.0,2.0
1025.0501917714516,474.6761924327858,1047.1594833839301,536.0781306469452,0.0,1.0
1028.491214921658,475.12107310069183,1048.9824162430937,533.2781278527711,1.0,7.0
1242.0377339948338,418.0294051600979,1256.4962575473667,451.6902112362517,0.0,3.0
898.8936862962076,474.38524594946506,914.1602935337947,513.5939671286686,0.0,2.0
1029.4524848240703,475.28055902367663,1049.2294856931348,532.8470408475008,1.0,7.0
1243.7578577678407,418.72640361063554,1258.0432195531837,452.09516762221256,0.0,3.0
903.2435300986808,475.3469717031807,918.374206531,514.0623586739747,0.0,2.0
1031.0289158164874,475.17578519118223,1051.1588396734332,533.1828980778819,1.0,7.0
1246.534518005576,419.9686971749374,1260.7422725375268,453.5019777171855,0.0,3.0
907.7617718344162,475.05452601343694,923.2158393567496,514.0730984688279,0.0,2.0
1032.8112420961454,475.6651726602971,1052.752908874388,532.9544801172145,1.0,7.0
1251.171271881547,419.706581157163,1265.3669442379469,453.7252338433259,0.0,3.0
911.2020571721556,474.71437222382593,926.8362362627294,513.5263056881986,0.0,2.0
1032.246662517266,479.76948107605466,1053.398389495877,535.4962261145532,0.0,1.0
1034.0970189862464,474.1846406430985,1053.9069391544813,530.69398023891,1.0,7.0
1253.2254190498466,420.036536837695,1267.3595476899895,454.0293198587363,0.0,3.0
913.4437813328583,474.86467410830625,929.2422716198072,513.8898497585543,0.0,2.0
823.097803937878,477.4788851825514,836.1303940271702,510.692857437749,0.0,9.0
1034.9845117251102,473.0151348787342,1054.3287096500358,528.4151984143348,1.0,7.0
1255.9411371993153,419.31943415485625,1270.0302918969394,453.2930821979945,0.0,3.0
915.7378510405879,472.4979710554195,932.4311299061103,512.5267798104068,0.0,2.0
827.8320766561934,477.03284782194334,841.3393612415831,511.2399659776351,0.0,9.0
1037.5681945820352,473.6818615908398,1056.6302072638177,528.4317633203195,1.0,7.0
1258.8955708642573,419.8521619300091,1272.9528724719814,453.81412640468903,0.0,3.0
921.0849992548186,472.6772376618995,937.6224347039177,512.7747538371797,0.0,2.0
833.4123680969993,476.7154245529765,846.8075945142665,511.7940442487736,0.0,9.0
1263.2606512933885,420.3684906932924,1276.9637910468464,454.4190037526672,0.0,3.0
925.7134694805907,473.5632217685918,941.9661640317142,512.1609350973222,0.0,2.0
1038.9225807379485,476.236400823789,1058.5673424739957,529.6488378443976,0.0,1.0
838.8959977123731,475.3499957187993,852.5741460104913,510.9825850709443,0.0,9.0
1267.4034208774406,421.5260028802433,1280.3726164257014,454.3574373001415,0.0,3.0
931.9107026437401,473.58938368672455,947.2209101568388,510.71558721999395,0.0,2.0
1042.0032491411755,476.16864265284,1062.0960888999823,530.1851077870689,0.0,1.0
1271.8431007588972,422.7212806825659,1284.6940045034974,455.0053945485145,0.0,3.0
935.5438164544486,474.03990972880376,951.0492658350032,511.4272127261804,0.0,2.0
1045.0682320301928,476.1247069201643,1065.4644474073941,530.5466471986017,0.0,1.0
1273.6947357749073,426.83873653800015,1286.4530917756852,458.43365084574725,0.0,3.0
938.5041631327977,475.13297563950493,954.2094354785197,513.1126536471785,0.0,2.0
1046.5508768967907,476.45439696418254,1067.0875947993059,530.3934990133657,0.0,1.0
1045.8414964086778,481.6568647341198,1064.4199147730492,532.0080590964837,1.0,7.0
1275.9954928182804,427.34440050931886,1288.4756058712117,459.339129315574,0.0,3.0
941.7260515217021,476.18472487612354,956.7791725651342,513.6923810315611,0.0,2.0
1046.3169442005299,476.9157028416315,1066.2118419586875,530.020108754712,0.0,1.0
851.809248402958,476.4578638674377,864.7538974272957,512.5633707041682,0.0,9.0
1045.8696623289084,482.2621711125991,1063.7234589998852,531.7734732456452,1.0,7.0
1275.7097906392507,428.548516494815,1287.9708138596945,460.56772031649314,0.0,3.0
942.8280371729907,476.85371864856194,958.329286514979,515.7684943749991,0.0,2.0
1046.1953371268037,478.3449578255465,1065.5925230830549,530.1995674748123,0.0,1.0
1043.7492963632976,481.7930354756045,1061.5759235553492,531.5248603371326,1.0,7.0
1275.0395300491107,428.46120788956637,1287.9185457677388,461.14170403472735,0.0,3.0
943.5406950806307,476.9460007805876,959.3772042990386,517.1767970465866,0.0,2.0
1044.144760870824,480.26749466754654,1062.5189538157351,531.126434501021,0.0,1.0
1041.5159906949616,482.1236487450887,1059.3151527513874,531.7199830382551,1.0,7.0
1274.1376204958733,428.9135105905957,1286.7813951904623,462.1648826569128,0.0,3.0
943.4376117303772,477.08001742871846,959.5586520447447,518.894700513194,0.0,2.0
1041.5383517674131,481.14920111597746,1059.5521997578257,531.0585103555559,0.0,1.0
1038.3865545617055,484.09448215215184,1055.7118968956383,532.267171391437,1.0,7.0
1271.7252324805565,430.0486321811487,1284.5307573710113,463.67510127532194,0.0,3.0
941.4574962384005,475.9169148126243,957.3072007225611,518.1128998525123,0.0,2.0
1037.5124723267156,480.8190450715308,1054.959236124819,529.9275136391899,0.0,1.0
1267.621156993953,431.9685506801067,1280.158007501738,465.55365488005924,0.0,3.0
939.4567776841532,476.8444682719682,955.4626104793351,519.5645098924756,0.0,2.0
1033.5756904290886,481.3537329899086,1051.0633867351733,530.4008882027487,0.0,1.0
1262.9771656313565,429.2409679077895,1276.1147724335674,463.7679163076817,0.0,3.0
936.3951925131876,476.54061893555485,952.6871007791033,521.3600276239806,0.0,2.0
1027.9012621498578,480.47254481715123,1045.4270176757145,529.2274012796827,0.0,1.0
1022.0658880903228,483.6109157869438,1039.2148172028017,530.6810152992525,1.0,7.0
1257.720468601337,430.6991287670172,1271.2960597553679,466.16597527688566,0.0,3.0
933.2270004082312,477.7388819290742,949.5349688763546,522.8689766360442,0.0,2.0
1017.6541888202813,482.9894829593438,1035.8526231349106,530.9833098621855,1.0,7.0
1255.2037796320226,430.438080315465,1268.1681194769737,464.4947364382154,0.0,3.0
929.3760747189164,475.4499991357577,945.4980189776724,518.812465045387,0.0,2.0
1011.8232408856263,482.9028619132369,1030.7555138427201,531.7955383238221,1.0,7.0
1250.585792932246,429.95328440062565,1263.932064248439,464.25626871317,0.0,3.0
926.4174337556685,476.53134654894,943.3307687583533,521.1087847056681,0.0,2.0
1011.7856914280004,480.23489426704435,1030.8498408269954,529.4517081701144,0.0,1.0
1247.0828068752996,429.58146594747126,1260.6492098831443,463.6189665092991,0.0,3.0
923.81291638372,476.74807981683557,940.9908261860555,522.8516667443141,0.0,2.0
1007.3493419569509,480.4039999506793,1025.53311780449,527.9671529637998,0.0,1.0
1244.7714874640155,428.56684599270585,1258.4475061682092,461.99728467773326,0.0,3.0
921.7998281461691,475.6564323267826,939.6488598579263,524.4975577224203,0.0,2.0
1004.4564452746704,480.61032829999425,1022.4438162921754,527.354832759918,0.0,1.0
826.902966452327,479.2218309786993,843.4646092581232,515.9459878245874,0.0,10.0
1241.795927121028,428.72883408102246,1255.2161425348345,461.8654868560143,0.0,3.0
919.8524516166642,476.35430489149917,937.9164561796711,525.4371890026841,0.0,2.0
1000.740671710469,481.3207081518928,1018.1714766567985,526.5685425467128,0.0,1.0
1239.0860113373024,430.1388267783251,1252.6617024610773,462.94800506573495,0.0,3.0
918.2629918442276,477.3872546851849,935.650903165191,525.6102616640767,0.0,2.0
997.5103264018827,481.93380754293594,1014.217662539144,525.9754427545427,0.0,1.0
1234.7416872182505,428.59192947245,1248.8948464494058,462.1955726288515,0.0,3.0
917.3579526017982,475.8560794907284,934.1840072254952,522.69693897337,0.0,2.0
994.0734699742892,479.80837197577154,1010.7040968463722,523.4291707782726,0.0,1.0
822.5449194588746,483.2630661083347,838.0395146120065,518.3509220867738,0.0,10.0
1231.8609064078944,429.8216311528667,1247.4638349970821,464.13240498032616,0.0,3.0
917.3897976310333,478.53364415203237,933.7908610459052,524.0401681045958,0.0,2.0
992.5772050793445,483.10455956684876,1009.2054176604755,526.5613718464242,0.0,1.0
1229.4916918441575,429.5467567358021,1244.4190605779697,461.5127328113415,0.0,3.0
914.8605719229588,476.62606164126953,931.8057319300597,522.5781386998223,0.0,2.0
989.364533505649,477.4229094219638,1006.6819805985192,523.416930347312,0.0,1.0
1228.740948112963,430.2772846197531,1242.4625549750658,460.59398271829934,0.0,3.0
912.79916259984,477.0732689696689,929.5373280028623,524.1454409774975,0.0,2.0
985.9862074899984,478.2313444192852,1003.3177114725447,525.2613389012353,0.0,1.0
821.7369483176755,481.6061448135387,835.2242087708859,513.652650564966,0.0,10.0
1227.8127503465766,430.05002191371636,1241.4997679519165,460.0386662259498,0.0,3.0
913.6461905143925,476.46903145134615,930.782640243851,523.0881583330482,0.0,2.0
983.0873854472014,476.480997254971,1000.7407523150197,524.157837858927,0.0,1.0
1226.931802843998,430.0293401431943,1240.6300331058842,459.8613790387865,0.0,3.0
913.9715968627538,476.56648864746234,931.4246903753667,523.2334784630095,0.0,2.0
982.4960988563823,476.64924899692215,1000.2070957235028,523.1640533406133,0.0,1.0
1227.5811329069554,430.05227623915613,1241.3154115199734,459.8316238990056,0.0,3.0
917.405267695742,475.8150959618636,933.8877937152912,520.965941911222,0.0,2.0
982.5321998018129,475.0503624659556,1000.3542155707299,521.5091448021207,0.0,1.0
1228.3007807665383,430.6524132722386,1241.2461456894023,459.26814773201147,0.0,3.0
918.6002252464049,476.53346138604337,934.5256847851487,521.6924777478866,0.0,2.0
981.9705499200232,476.3934015531781,999.7526392932008,521.6330950346222,0.0,1.0
1228.7263563824367,431.6174956679707,1241.1096971746879,459.12131774831636,0.0,3.0
919.9092571826557,477.01118935902133,935.9234879050989,523.3492222643026,0.0,2.0
981.9013992761294,476.344692212556,999.6617422548712,520.7495404213673,0.0,1.0
1227.717496338539,430.86894174648216,1240.6662791580022,459.3479409816099,0.0,3.0
921.3705453939608,475.2072028271882,938.2381352097302,523.4710296378134,0.0,2.0
981.562536037969,475.75353085622294,998.541054533197,518.7558621613507,0.0,1.0
1227.8503317566644,431.55916323473474,1240.8783211961747,460.82663590246517,0.0,3.0
922.2680075430276,475.92356098566063,939.8523536502037,526.8744951687125,0.0,2.0
980.0786641101373,479.7687094676466,996.5390002837413,521.8582210200769,0.0,1.0
1227.8820764962716,429.46458140230817,1241.0101048947386,459.6696278679123,0.0,3.0
921.9362388095517,473.8342133791693,940.6864812894994,527.1104488818509,0.0,2.0
978.9765825093345,478.83629247325325,995.1176291005368,520.400138650008,0.0,1.0
1228.5371404543814,430.4362774667961,1241.2099858539889,459.976640657256,0.0,3.0
924.0140158467012,474.5079540363955,942.4338188880535,528.8635823285905,0.0,2.0
980.759364633454,481.48659890264264,995.8964807322591,521.5335012560962,0.0,1.0
926.4767395974264,474.19724405993446,945.5866019752417,526.2315772126262,1.0,12.0
1231.1785164460052,430.8922927438852,1243.5416278080843,459.9893268183005,0.0,3.0
982.7932524947136,479.68029216609165,997.9937446820128,518.9882053789834,0.0,1.0
930.2356680403425,474.2861388272081,948.9690314605987,524.9428885934184,1.0,12.0
1232.3332494208175,429.28635922889754,1245.4486763955065,460.1667593262387,0.0,3.0
984.1907552023939,481.2782929598043,999.4544351298288,519.8246085950849,0.0,1.0
932.8286535249131,475.64719577065193,952.0557801349162,528.4094054797386,1.0,12.0
1234.585565149542,430.41082997829824,1247.8498182314736,462.5065279184562,0.0,3.0
985.2261610775838,482.49617538301777,1000.7207172554429,521.7793445979831,0.0,1.0
936.5257077982747,475.7300905169904,955.9078709289518,529.1660686916722,1.0,12.0
1236.6100811567444,431.1886796983522,1249.367476490213,462.04741486470766,0.0,3.0
988.1813616793373,483.8848886330128,1002.985059876515,522.0973194791222,0.0,1.0
939.822041750984,475.11411299496115,959.1263315349111,527.6383605980525,1.0,12.0
1239.5469882445727,432.98710924603154,1251.9076689320304,462.592964223236,0.0,3.0
989.907612061745,484.1875245044645,1004.2272022636879,521.3844903041237,0.0,1.0
7.844631949125372,323.3239048865854,111.5529320501662,743.5612534477476,0.0,13.0
942.2404335137816,475.9541652567984,962.0511373226319,530.013591334459,1.0,12.0
1241.3291480841935,434.59904084136485,1253.8390523078224,463.97741873680536,0.0,3.0
991.1349487335136,485.9098900176837,1005.1645159126118,522.5227598734895,0.0,1.0
12.205898978504095,323.48247082829,135.49998655881183,733.4064317064106,0.0,13.0
943.7959790551179,477.1256127338255,963.1210711654264,531.4427889548082,1.0,12.0
1241.6185260130148,435.2582553519587,1254.2956205852859,464.8880293703164,0.0,3.0
990.6116234590722,486.44994863168614,1004.4880002549157,522.7862196956679,0.0,1.0
30.083009601668493,329.4124198394759,161.69617405857807,720.6693715420588,0.0,13.0
943.7373911391383,478.6729258643498,963.4449799835384,533.7352880195974,1.0,12.0
1241.3248936772243,437.3716527627063,1253.6656936021218,466.2022800704178,0.0,3.0
989.5491795377689,487.32041147444295,1003.3619145222112,523.5800505273024,0.0,1.0
52.2996573045137,335.96075037643527,185.2784927444623,709.2051309899048,0.0,13.0
944.2060774314759,478.6155252309164,964.2137234429808,534.8154738622767,1.0,12.0
1241.1505717703506,438.28007050984195,1253.3154088511735,466.9575613574076,0.0,3.0
944.1566159840379,481.76528456984676,962.2289891421624,534.3770560840871,0.0,2.0
988.3629922391639,486.9187832731166,1002.2081853970341,523.5891877474604,0.0,1.0
76.89657735813825,341.7906064564688,208.1994886006811,698.3401913884761,0.0,13.0
1240.2631183093142,437.87561227530813,1252.3681281973074,466.8586595973389,0.0,3.0
944.6218025543494,479.72195272850917,963.6753494289974,534.5044683882957,0.0,2.0
986.6741570602995,486.0795731659771,1000.8518337354993,522.6083760515921,0.0,1.0
99.12826825899143,352.2078266943006,227.4220448007949,689.9349124552762,0.0,13.0
1237.0216363744478,437.64232488733387,1249.5166791336649,467.5264341013692,0.0,3.0
942.8927501532899,478.29794066461693,962.5458309973765,534.6580919461388,0.0,2.0
984.3405699826591,484.5778927011032,998.4344108039171,521.1386833217358,0.0,1.0
129.55099769252527,364.5898566205286,248.8974937353577,680.9484982028483,0.0,13.0
941.6343956058538,479.83413201838846,961.635155470743,536.2427637095969,1.0,12.0
1234.1881667773748,436.9323169338206,1246.6091035220172,467.4905025415748,0.0,3.0
982.1570843049875,486.4655132122663,996.2013312391831,523.0801515739904,0.0,1.0
145.39083039935176,374.6104948226465,263.1297375486195,675.2773246471405,0.0,13.0
938.8287267337349,479.88788942406865,959.3129768000748,537.0270997163141,1.0,12.0
1231.141403487004,437.1153961437915,1243.4498788480141,467.79186837893906,0.0,3.0
979.2827138760118,486.30176498968643,993.2996061756952,522.9791798720595,0.0,1.0
161.01499374973056,380.48787339560806,277.6049976353755,668.3508312492069,0.0,13.0
1227.5464931111549,435.6473443823218,1240.021893981568,465.47363751090023,0.0,3.0
936.2021148806954,479.1296552020542,955.9824252557102,535.2524495263289,0.0,2.0
974.6292187599596,485.6192865481126,988.67314276891,522.7280195948226,0.0,1.0
177.5107155185774,385.556236568988,294.9757306290628,665.1334159476255,0.0,13.0
1224.0943484227848,436.81690073742004,1236.2824169097228,465.47177543333385,0.0,3.0
934.8742905858549,478.97435844270734,954.8547738241698,535.7374541803159,0.0,2.0
971.2791823377303,484.1831054643512,985.6720357080463,521.495944507884,0.0,1.0
201.24127908918558,392.6286301041597,313.68335560978517,660.130795748188,0.0,13.0
932.8415193641243,481.4456874752723,952.5177567975819,536.1520515857774,1.0,12.0
1220.3283165055677,435.7877146218517,1232.8833612445242,465.4180144603315,0.0,3.0
933.5977589972271,477.66830854308927,953.3383268993556,534.8546831657098,0.0,2.0
967.9047874768929,482.50328956493735,982.2024422341232,520.0243050591588,0.0,1.0
228.23070059361595,401.80880988599915,332.60711675018393,654.6131876953584,0.0,13.0
930.0531007467855,482.8852762378411,949.432752790133,537.381013555778,1.0,12.0
1216.8864789660754,436.58996292253295,1229.2200575866652,465.8830558155418,0.0,3.0
931.8659405721304,479.1528254607752,951.3510084043324,535.8657480577864,0.0,2.0
964.3127350902507,484.4169673239515,978.7929351237674,521.1786812788484,0.0,1.0
218.9505701091587,407.3592050804774,276.3329691759231,652.6975473375275,0.0,16.0
247.41432545435146,408.6549432235609,346.78263199499656,650.315591442174,0.0,13.0
929.2130400002465,482.131164435228,948.0643062660182,536.5968258165188,1.0,12.0
1214.630071783333,435.150050904685,1226.7715450719263,463.84820704267037,0.0,3.0
929.3193285941143,477.86723361344826,949.1024993914248,535.658246170766,0.0,2.0
961.2693715432753,485.04581732293735,974.8012556831917,520.8887544878563,0.0,1.0
235.51274907476818,408.0585711513886,293.69816611121564,649.2544951890713,0.0,16.0
271.2373135152738,411.474114035081,367.8635836377519,644.9189333658263,0.0,13.0
1211.3510265419675,436.2600690082839,1223.742283873368,464.7976529814703,0.0,3.0
927.1086266802682,478.4372834983806,947.0032104113376,536.1622305073956,0.0,2.0
959.6423920498181,486.08913204049594,973.3187367685333,522.2928066008039,0.0,1.0
255.59042426454107,411.6978824384522,311.89947700404605,646.3272412664245,0.0,16.0
293.1911149565689,414.6276165183725,387.59154336154785,641.5360592700557,0.0,13.0
1209.935958723697,438.5337346325617,1222.981447075025,467.98330742093975,0.0,3.0
927.3778494156098,480.2363704793967,947.3359664805615,537.8634181906101,0.0,2.0
957.9114088372414,488.8510846831271,971.5830529517821,524.1831252090828,0.0,1.0
274.86460123420346,409.8305509368937,330.3557189401393,638.034272711469,0.0,16.0
311.25941482408405,416.40560358167147,405.25195376488057,638.870575903274,0.0,13.0
1211.8739055990475,439.38745924802254,1224.8508810166152,468.01023505566457,0.0,3.0
929.7845763088354,480.1777118560863,949.402798676928,537.40439050539,0.0,2.0
961.9064100762057,488.12051366987356,974.3220849620996,519.8796348667549,0.0,17.0
294.3049699572501,409.91258520089247,347.5345603339702,628.5742356455402,0.0,16.0
326.963076543407,415.0645184502369,420.28785416558907,633.6554619878585,0.0,13.0
1214.0024057274265,439.45038763692895,1226.6438473186306,468.00668632122307,0.0,3.0
933.0369523814164,480.16152259147486,952.4164310427303,537.1177055685309,0.0,2.0
964.2408376564161,487.05387303153816,977.9307537567414,520.6633459807762,0.0,17.0
315.1620757798552,410.42415410890186,366.7864408543667,623.9897305400127,0.0,16.0
342.7394624739152,415.8208994017857,434.71597920808654,630.1354273964771,0.0,13.0
1216.3549726112972,439.96590651317786,1228.718964218701,468.1381080454702,0.0,3.0
936.0269987245914,479.8649862602555,955.9917481012227,537.257187321898,0.0,2.0
938.7722750405566,483.8274470008217,958.3416754053391,541.2296024904402,1.0,18.0
964.6601255268351,486.5969673211475,978.8807006460411,520.3401630458605,0.0,17.0
330.453546877574,409.29767978859,382.45117674292067,618.1552659314578,0.0,16.0
359.5840916138568,417.759828730564,447.43744486973674,622.9090780827584,0.0,13.0
1217.4875858507728,440.69585543360097,1230.4142773612778,469.08207625175555,0.0,3.0
938.6365396137911,479.2152205202303,958.2579643218752,536.2644383026792,0.0,2.0
965.9385168217325,486.88462535984945,980.0971935906891,520.7022054235962,0.0,17.0
347.60179379076516,411.1481186408139,398.80521720716825,614.6543899666945,0.0,16.0
372.6329677505131,419.0629214100211,458.46967646025075,619.4612852115922,0.0,13.0
1218.8746577291133,441.80535451448225,1232.0223131453488,471.5436655215141,0.0,3.0
941.802439335332,480.3217606789882,961.6684123484564,538.5672474716731,0.0,2.0
966.2472769799272,487.58940987103824,980.3102341792719,521.0547013819803,0.0,17.0
362.64831917566516,410.49654801000565,413.59637794059825,607.5006316547027,0.0,16.0
391.4214020882424,419.15682211833047,472.41916603922823,613.5711771961718,0.0,13.0
1220.7521196235507,442.40869507684755,1233.9618866217384,472.70884175977386,0.0,3.0
944.0927813880043,479.6883816134402,964.1077071804649,538.7325802276204,0.0,2.0
946.274130530119,479.75134834132075,966.2080550218047,541.8895277162056,1.0,18.0
968.1550580925327,486.2367048888347,981.4719265078636,519.6122718876594,0.0,17.0
378.16424455634166,411.18586533517055,429.20513053559176,605.5840685246756,0.0,16.0
411.3306604440965,417.66291757665425,487.40267487847797,606.5171887483398,0.0,13.0
1222.19204229753,441.49802435417496,1235.79217019937,472.3939591766732,0.0,3.0
946.624491299007,477.7707127118296,966.4518180616577,538.0582520632981,0.0,2.0
948.7691507349236,479.8478650329465,968.3951423987364,541.8451483206254,1.0,18.0
391.00063512205526,410.1365707355461,444.13731358664694,605.2040884878855,0.0,16.0
429.5250949048358,420.78181047398607,500.6798719265935,601.9507587195918,0.0,13.0
1222.7999016153876,442.07617877761027,1235.895037274594,472.82693263976284,0.0,3.0
948.822101926992,478.0588093829715,968.4181010002242,538.5071734976934,0.0,2.0
949.5556041049085,479.5672019914403,969.3444347269699,541.4526054939716,1.0,18.0
405.4729001995408,411.85235624366237,458.0256204011295,601.8279911150998,0.0,16.0
445.7892846007164,422.49834229245704,511.52885718293567,595.6326899926808,0.0,13.0
1223.7303057536392,442.25568187706824,1236.4582276060437,472.8974008355582,0.0,3.0
949.6942846174927,476.6690604810056,969.9338817408175,538.62997855121,0.0,2.0
950.9332474296943,480.6678848896629,971.968410013322,543.3397749274741,1.0,18.0
415.2889827594523,409.7440457381144,469.84958107777766,599.7618206443044,0.0,16.0
460.5651826002606,422.38645914399103,522.5601916470466,592.3560079381638,0.0,13.0
1224.774259471767,442.28812235297994,1237.2430955456198,472.86861243549686,0.0,3.0
950.8568341324317,476.31584177607,972.2172220663231,539.3958912430317,0.0,2.0
952.9339793654198,480.1391747217841,975.5691856637537,544.0538163939653,1.0,18.0
427.49003736381025,411.77660319758365,482.7897314252861,596.6624787016412,0.0,16.0
473.6174249509758,422.107482717579,533.5282363607422,591.2042403276712,0.0,13.0
1225.8415454330789,443.83957788459145,1238.133178049557,474.403473753179,0.0,3.0
952.0477677629095,475.88345755307336,974.8824170051238,540.0119924143261,0.0,2.0
438.2014693806518,414.5790041138479,494.6641209236391,594.5984017745533,0.0,16.0
483.53521409349145,421.9606680499975,543.3172819093487,590.4841817546512,0.0,13.0
1226.7145519092787,445.7764214379715,1238.4750239653722,475.7338664846196,0.0,3.0
953.7882283308531,476.2061339621428,977.9180984834527,540.5475430198212,0.0,2.0
449.0012806432912,417.3103193372864,506.49065524970086,591.5123012200614,0.0,16.0
493.1409861291843,423.39196137109917,551.4713190276159,589.0481966923272,0.0,13.0
1226.2444634965354,448.3263670287535,1237.5764463317432,477.18667041978284,0.0,3.0
954.331963630011,477.95014630307145,980.0697654234824,542.9908534161369,0.0,2.0
458.57712066208995,418.87207108087057,514.9671167954547,587.5795086282537,0.0,16.0
503.7795485665256,424.8035882552115,559.8198908306631,587.0351813396314,0.0,13.0
1225.909311903611,449.09927773484867,1236.562437681312,476.65303284261836,0.0,3.0
953.6419420040354,476.9555012146283,979.6408669696457,541.3154669500848,0.0,2.0
463.6834286672357,421.0994544465425,520.3066342375685,584.6922597549656,0.0,16.0
509.3257799952656,425.73191164608295,565.2314846140533,587.598567892219,0.0,13.0
1225.1375924729655,450.76857319816185,1235.3196322750268,477.1410251869855,0.0,3.0
952.639173198878,478.652420331394,979.1966507282963,543.3305648892152,0.0,2.0
950.960275398286,479.969849847589,977.1636370403913,545.3422526913643,1.0,18.0
468.96660651434,421.00601655494006,527.2745875984416,581.574735443157,0.0,16.0
516.394635785432,426.3123805478276,570.6663721667705,584.4228241218638,0.0,13.0
1223.5739927329676,450.83387649992056,1233.9456747304164,477.5708445291228,0.0,3.0
951.0092422275217,478.3991915168031,978.6713740583504,543.9344332013612,0.0,2.0
948.4278831508473,480.75089956681023,973.1086879474685,545.1003969381374,1.0,18.0
477.2278780604465,422.22060275538433,535.3653477655938,580.2608984173293,0.0,16.0
521.7638493652147,427.37356590012325,574.7046054113711,582.560240846441,0.0,13.0
1219.768034459921,452.1591015395885,1229.8889135280567,478.57226935129063,0.0,3.0
948.0900357357427,479.032329546755,973.843789261032,543.267368666308,0.0,2.0
946.5853788065501,480.24717087506195,970.6675440902475,544.1930210915859,1.0,18.0
485.85219923823695,421.20848929792254,540.5978230932218,575.1478810491681,0.0,16.0
527.4885386059475,428.44054845434505,579.1540235695047,579.7735951736253,0.0,13.0
1216.750060721648,450.85496412782254,1227.5293012965763,478.11385094983814,0.0,3.0
947.001241445677,477.41490821217855,971.8418262577524,541.6420297626807,0.0,2.0
944.3108158148044,480.4388081864523,967.2262266537665,543.5541856003792,1.0,18.0
490.666688731734,424.76263396181514,544.1148689067786,575.316524131442,0.0,16.0
531.603043658808,431.83538051683956,581.7290303179036,579.0744223378084,0.0,13.0
1212.591723882643,452.3188040424613,1223.3774132452334,479.088550493844,0.0,3.0
943.1865325752123,482.84804655489813,967.198734957385,545.357402375318,0.0,2.0
941.8308386974353,478.34998784848534,964.3762022708289,541.6251851342931,1.0,18.0
495.2250265928414,424.321099585085,547.042920965107,570.9181138933211,0.0,16.0
535.9178940247427,431.8214368460617,585.4781873342104,576.1067570938079,0.0,13.0
1208.9285954448198,451.0386883391274,1219.439557753001,477.95241912035857,0.0,3.0
939.8885251932583,501.53604593141074,961.1587410370411,550.735824098071,0.0,2.0
935.9707249537853,477.53792700230514,958.8221881604597,542.819924152597,1.0,18.0
500.1510977870445,424.98805488929435,549.5895921788946,568.7999395816556,0.0,16.0
537.7927715370088,432.6741719591679,587.5657705782478,575.8743910124609,0.0,13.0
1203.843541695925,449.4689260592835,1214.9212779564555,477.10685559691024,0.0,3.0
935.1168999381316,490.4780896396472,956.5134769789613,543.7713679231421,0.0,2.0
931.2122065975292,476.97819743571955,954.2556577087299,543.6730010177807,1.0,18.0
504.69084160404856,426.01042101302613,551.1243162458434,566.7498552737056,0.0,16.0
540.2208865385313,433.5265812611415,588.68335436012,573.7355924627967,0.0,13.0
1198.3832611334524,448.8192121932303,1209.4316879520525,476.2621046297502,0.0,3.0
931.1833510797189,483.7205236378183,953.5027959052786,541.5784077120002,0.0,2.0
926.1908283703073,476.9585678517485,949.2690072598506,543.8704633623026,1.0,18.0
507.8216589415823,428.4756909764663,552.173329605674,565.7100958781098,0.0,16.0
541.0640339296868,435.128162287515,589.0924462767238,573.3388700255194,0.0,13.0
1190.4118867347772,447.8860536215361,1202.2249552405722,476.0618754491454,0.0,3.0
926.1056251542276,482.2714429723118,948.5586294154072,542.6941184020469,0.0,2.0
920.3761615154,473.9839500652765,943.3624121096933,539.8813273107571,1.0,18.0
509.90914885546096,429.5401453686622,552.2293382855368,563.6521109635519,0.0,16.0
540.515525793114,433.88312507702886,588.7470344024819,571.0976432479347,0.0,13.0
1183.8759463374618,445.896525476625,1195.537617211763,474.6869723054107,0.0,3.0
920.659183652318,483.05413884251146,942.2136750178611,542.9635033757523,0.0,2.0
915.9012256827402,473.86390706293054,938.7919152868594,538.6705730734385,1.0,18.0
511.1360686219065,430.8462723934728,551.8751993711484,562.8527382747253,0.0,16.0
541.2858940343182,433.2047004447813,588.9376304200881,568.3490318595419,0.0,13.0
1177.7008927983377,443.31948609216806,1189.3129190216657,473.2094893590221,0.0,3.0
914.5267640065978,478.9508623617629,936.8886690371688,542.126649295818,0.0,2.0
910.5150097134438,512.9515196407056,927.42201690503,541.0486184309727,1.0,20.0
909.9018281929111,473.44697114417403,931.9610370600356,536.6005326244834,1.0,18.0
512.1796415234907,432.5523746888847,551.4720363573903,561.3548248321656,0.0,16.0
542.0883989337639,434.0155151986623,589.0532888268352,567.4012231432949,0.0,13.0
1171.1337301897947,442.05456019386105,1183.00504773388,472.6416698427334,0.0,3.0
909.5734609108404,481.2690813119589,931.3910895461215,543.0942168535234,0.0,2.0
907.2919395085358,511.92425549822053,923.8167557755463,540.7384605624321,1.0,20.0
904.6894492484321,473.90536727112533,927.8478915939309,538.7269807906896,1.0,18.0
513.1437116986075,434.6608048796394,551.2163469225633,560.8902941784671,0.0,16.0
542.5846424542302,436.3300446273553,589.4928529855787,568.3857122941937,0.0,13.0
1164.1165572885234,441.33826389649164,1176.219349559121,473.06232540693964,0.0,3.0
905.3568364149909,478.5832478142118,927.0905836497117,542.3210035905588,0.0,2.0
900.8247935186458,473.25136176840977,924.3627762841255,538.8193524410507,1.0,18.0
514.2249475174808,434.28031682067495,551.7381882243351,560.2043848976163,0.0,16.0
544.037215668341,436.9552210417651,590.5694812403948,567.3255888778584,0.0,13.0
1158.9076607372715,442.9058230943193,1171.2817094240725,473.1963574563475,0.0,3.0
900.3526959717377,477.7825664090452,922.5961409625085,542.0784078052727,0.0,2.0
897.4477983712917,472.7363623943518,920.9311451002669,539.1899548107283,1.0,18.0
516.3317871835419,433.8354520419534,553.9105763267586,559.475728202618,0.0,16.0
545.8354210683887,435.6820711613711,591.798879130106,564.4914109777146,0.0,13.0
1154.4611293962466,442.0830920500436,1166.7471223653747,472.3283299046423,0.0,3.0
896.5558289484553,477.5323413323297,918.8707472667649,542.9334614015223,0.0,2.0
894.3258932992208,472.16564004663536,917.2983197009335,538.1852206852732,1.0,18.0
519.820928854673,436.0298331580659,557.083272531617,560.0629644969672,0.0,16.0
548.2187594607576,436.85133914637555,594.110110844254,563.6190772753503,0.0,13.0
1150.5229398620438,441.8634087301623,1162.7336806883588,472.04810687917416,0.0,3.0
894.0378841887089,485.10272695975607,915.2486034289279,545.8642926085557,0.0,2.0
893.5997597190787,472.67457127286696,915.9063047427021,538.7896537825156,1.0,18.0
523.9510598635482,437.00865607347464,561.0243416620344,559.1979820218232,0.0,16.0
550.806141017817,438.78990396362923,595.893008669336,562.702764746277,0.0,13.0
1147.5376842479598,442.62323231015995,1159.5420323599972,471.20949138849954,0.0,3.0
893.5500288850266,484.6758221144609,913.8618412484826,544.8474632394962,0.0,2.0
1873.5477163324986,352.6139424548331,1895.5110413299917,410.49993372274815,0.0,23.0
891.3239584821821,473.10153772974286,914.2945313166921,540.3473682296946,1.0,18.0
527.9612983483128,441.1337516708901,564.5817337789488,561.3035930734377,0.0,16.0
554.7462183307994,441.57790158497664,599.2686375204967,562.6547004817352,0.0,13.0
1145.7531352011274,445.259297495601,1157.9434297491202,472.5326265369665,0.0,3.0
891.1902801636018,478.671938874037,912.4174940606999,542.9812864487925,0.0,2.0
1862.508179705018,352.0974809232339,1885.3916341373833,411.69026830696725,0.0,23.0
889.9404556747124,472.4724658774304,913.3960972329223,540.8013820065703,1.0,18.0
532.1250494920281,441.4008830663379,568.4747871248495,559.7569597364948,0.0,16.0
560.1475339003248,442.9020017261026,603.6117530294707,561.3895298907064,0.0,13.0
1143.9392677478545,445.71141671368747,1156.3184838438733,472.5472286690072,0.0,3.0
889.9417987878212,474.6374886176407,912.1898201793115,542.8778513728877,0.0,2.0
1852.422378303726,351.9430776595201,1874.4774226327077,411.73611427122114,0.0,23.0
889.0888654174845,471.7383427182833,913.1890157547817,540.623541774585,1.0,18.0
536.0504108225477,442.2939476711246,571.9088598948676,558.9918125659588,0.0,16.0
564.6586882734631,445.0944186886063,607.1002069173354,561.4668310636814,0.0,13.0
1140.9836524314367,445.8129330874889,1153.2862042696554,473.2457083976602,0.0,3.0
1842.6083563311531,354.0737197674227,1865.6993070935373,414.1279116154249,0.0,23.0
889.4452647125837,469.4509101871231,913.6256358370894,538.6741028082804,1.0,18.0
541.884046889836,439.3715071219066,577.8716590872465,555.5739810347194,0.0,16.0
569.9768179479894,444.24362140712026,612.2139370518565,559.8144127300858,0.0,13.0
1139.513243641025,443.52591111947993,1151.807599656995,471.7648087671006,0.0,3.0
1833.1164398094772,356.60282036406954,1858.0723799757327,417.5383689515195,0.0,23.0
889.128810153708,470.54716076014904,913.6340863159446,539.4312605914112,1.0,18.0
546.2248026981176,439.9612821162796,581.9744038851582,555.3300792616726,0.0,16.0
574.0508266595155,445.74081278085714,615.3618841089476,558.9981579169919,0.0,13.0
1138.1031766342471,442.74873380089105,1151.235982266469,472.8736408495557,0.0,3.0
1822.1560045591057,357.4437692231891,1848.3480548892915,419.040749120396,0.0,23.0
888.4178468733596,470.5592141512782,913.5722212117753,540.1546059799533,1.0,18.0
550.305160920491,439.3075530066735,585.9243023262505,553.9384211346262,0.0,16.0
576.8363412847165,444.37844017916626,617.9202009224249,555.8876635288776,0.0,13.0
1136.750938323806,442.39913583898215,1150.0249682611627,473.41882072813155,0.0,3.0
1810.9889865119067,360.021518580479,1839.202183905381,419.9469000890808,0.0,23.0
886.8031998523836,470.77691181636857,912.6706385589957,540.1895627464703,1.0,18.0
552.8071019072316,438.77592389790175,589.7850202105832,553.1637216065874,0.0,16.0
579.7000150705863,444.52729437092546,620.6664797684867,554.357954787949,0.0,13.0
1134.7329914704403,442.0851713299906,1147.6422407166767,473.0505205807572,0.0,3.0
1800.2696750061366,361.6852177828483,1831.359757581228,421.39796444693695,0.0,23.0
885.4733295403134,471.3411796163853,911.7335048460973,539.6908158447395,1.0,18.0
555.4541979989745,439.56192335135086,592.2374375883173,552.115707046959,0.0,16.0
583.3683930439338,444.846872508823,624.3620811038488,553.7781487530242,0.0,13.0
1133.6238900884555,444.32776935298983,1146.1101589333734,473.7531654695022,0.0,3.0
887.6567994298626,507.8204677521099,906.4783343706916,548.6574746113536,0.0,2.0
1789.735316838337,362.94651216681916,1823.1103702929859,422.3498586158105,0.0,23.0
883.0721701097391,471.32081877299294,910.4406219555663,540.4990558522712,1.0,18.0
558.2940706614137,440.9656036208661,594.9761244509226,552.3298807817201,0.0,16.0
586.0945915883457,446.149968270096,626.4501786335983,554.1105716294245,0.0,13.0
1130.5392521925078,443.47298704397633,1143.2225531713061,473.19248277954205,0.0,3.0
885.2581342996688,506.4627798764916,904.5242825534,547.8094676099963,0.0,2.0
1779.5130254923843,365.8671916051437,1813.6457486240602,424.51484200036134,0.0,23.0
881.0717779987327,471.8060990106041,909.9071050688088,541.8114234505935,1.0,18.0
561.0640943849912,443.5133998907053,597.2421805001707,552.7152814615146,0.0,16.0
588.9845324371493,447.71526518112603,628.3412471146103,552.3567528241861,0.0,13.0
1128.5813794936375,446.4214403028538,1140.5047090265166,474.42558809663245,0.0,3.0
884.0677311543682,505.55307529185785,904.5301656148733,548.2645123799836,0.0,2.0
1769.716497429154,367.5171347108095,1805.026180212451,425.73359101305846,0.0,23.0
878.7312712114999,469.8516308848908,909.3551058372168,544.2793525230908,1.0,18.0
564.0601970233544,445.42123596396186,599.9375202931129,553.2621143353425,0.0,16.0
592.4687930855713,450.54113075154874,630.4869917580178,552.6035674584122,0.0,13.0
1127.3135809133514,447.9835429077638,1138.382699633105,474.92858524631896,0.0,3.0
883.2468153306003,508.43451634554367,903.6575665418374,550.5219867965345,0.0,2.0
1760.0589205584245,367.3431326177049,1796.6785004780447,424.0914039747704,0.0,23.0
876.4695157841445,467.282911652287,908.6116830531496,545.3473259896887,1.0,18.0
566.6202991777908,446.4089397504498,604.0958489265344,553.6922537953496,0.0,16.0
597.7457499875093,449.3365463796032,634.2817384714122,550.0464832305764,0.0,13.0
1124.0657448741395,444.06258238939705,1136.2934341088558,473.04993372641553,0.0,3.0
882.5456904823902,509.5709636539625,901.6709662210153,549.2623113065699,0.0,2.0
1747.5401632728515,368.25769355654006,1785.0083511747541,423.88234514035094,0.0,23.0
873.0147725623351,467.7512307177129,905.1173809865788,545.9167308571365,1.0,18.0
566.8877083653979,448.35627064704323,605.3711579578162,553.5860874232518,0.0,16.0
599.3740092735216,450.895055501141,634.930096484904,550.3591631608494,0.0,13.0
1120.6854117920143,444.3792146953292,1132.1303132997873,473.1409620881375,0.0,3.0
879.3249862864004,510.671832401041,898.7503076944404,549.4306074456113,0.0,2.0
1735.9737205758101,367.7663992581786,1771.241188745274,420.5585966643537,0.0,23.0
868.6425383329281,467.79433098433395,901.3445101091761,546.2065730026883,1.0,18.0
566.277192629336,449.3893423389571,605.1167960918604,552.9691756914797,0.0,16.0
599.495904098012,451.4029651529338,634.0868029372807,549.7156532421315,0.0,13.0
1115.1292210340214,442.5469122861368,1127.1643293395316,472.08180341881933,0.0,3.0
877.1709222667854,511.0306190374265,896.0895223976835,548.5276881858217,0.0,2.0
1724.7192003117166,367.156914790792,1757.808958944407,418.341304705106,0.0,23.0
865.9475592319803,467.0824845778847,898.8210021472206,543.8529470316078,1.0,18.0
565.8581149029548,451.9011092748823,604.8914336877393,553.5664493615774,0.0,16.0
598.2938431929555,454.39611782068783,631.476388818087,550.5755448021904,0.0,13.0
1110.2386259964517,442.0236360842527,1122.3016617409614,471.7747554966251,0.0,3.0
873.2785537052486,508.747750159149,893.367794298004,548.1570519747473,0.0,2.0
1713.485519044572,364.184895042479,1743.93675367703,413.48155016026766,0.0,23.0
862.504507126308,463.22258708386244,894.9401748115977,540.4702250202818,1.0,18.0
565.3590804120655,450.9401440038867,604.220996396108,551.4518016220193,0.0,16.0
595.8464407022639,453.9901463854668,628.5985792700897,549.7977973110629,0.0,13.0
1105.2467133490509,440.3170621625622,1117.1693543842575,468.6628943453854,0.0,3.0
869.8246801880254,504.55184480767184,889.6926453119044,545.2092854184677,0.0,2.0
861.5248217286479,465.81869500993423,889.0804647735455,540.7329896174972,1.0,29.0
1701.318273750821,362.7275263635673,1728.5897066769066,410.3491417527884,0.0,23.0
564.8270316655331,454.3076429595734,602.7417085657281,552.4533339813069,0.0,16.0
594.247308218337,457.1110735667219,627.7899498919991,552.4367055472942,0.0,13.0
1099.5937706018403,440.39314197721916,1111.8745910011776,468.79389062595027,0.0,3.0
864.6849662986795,506.56086583329454,884.4976049676145,546.5703681087595,0.0,2.0
856.6241245669681,463.2525151820116,884.9849343817062,540.1005493739647,1.0,29.0
1689.8463763223879,359.3021349531451,1715.005183023052,405.70084979806313,0.0,23.0
563.6437280309574,457.36046574354737,600.1672646174993,553.102824363438,0.0,16.0
592.6687455047609,458.18622435988254,626.4840497926939,553.0811991109501,0.0,13.0
1092.9710641887225,440.0676429614287,1105.7862465361102,467.8625749180151,0.0,3.0
859.4905440149826,508.02878980205855,879.2313989178597,547.2275704364092,0.0,2.0
852.9015578438645,462.50195886805295,881.8691876150423,541.9545526554639,1.0,29.0
1676.7327542711964,354.47592678108185,1700.8026310645841,401.3974868715293,0.0,23.0
563.5302431786615,459.5724397568415,599.203658200166,554.2186511844681,0.0,16.0
591.4200912955298,459.18616897447987,625.4916983591822,553.9329351902512,0.0,13.0
1088.498815834466,438.9816334658506,1100.993361544439,466.3475928749087,0.0,3.0
855.7963956254854,507.1129980316765,875.7260584519664,547.2775932495309,0.0,2.0
848.3022061148831,462.15466545105454,878.0080869721828,543.8296961955394,1.0,29.0
1664.5904623220792,352.16173684025796,1688.0536214453025,399.8866190107034,0.0,23.0
562.9242234324223,461.78341450742624,598.0961917888256,555.9312651674143,0.0,16.0
589.9222804108227,461.59607901283545,623.3979810876539,555.0204103252437,0.0,13.0
1083.0492359650677,439.74919667851435,1095.199774214975,465.694990482302,0.0,3.0
851.3492806245645,508.65041865362883,871.718476596558,549.3463569782264,0.0,2.0
844.7254517318052,463.25635190395394,874.9529355067784,547.3127231282697,1.0,29.0
1653.1194419886197,350.73061419433094,1675.4492428828207,398.45229675992636,0.0,23.0
562.4987782529073,465.31546747332493,596.5767465997168,558.0449413644418,0.0,16.0
588.8420858776166,465.18992916909156,622.0296189803954,558.5810901025338,0.0,13.0
1077.3618208971893,439.8335641477828,1089.7529410134434,465.8179778439269,0.0,3.0
847.0608594881518,508.87589984832374,867.8865433920513,551.0126563140018,0.0,2.0
843.1534134940699,464.8563005970478,873.6314895888216,550.3084671523262,1.0,29.0
1643.4985060985973,350.46460035178745,1664.3325807660194,397.58421052422534,0.0,23.0
562.796136205505,469.5782311393421,596.6192283202097,562.2685683550325,0.0,16.0
587.5385927716516,469.52050793149795,621.2784743020663,563.2560032941584,0.0,13.0
1074.2996851585444,440.57622339138186,1086.4539311012904,466.0187550514521,0.0,3.0
842.231584884872,465.68950281681,872.7595465073158,551.5252331655312,1.0,29.0
565.3314464201767,472.1472380517237,599.054767501276,565.0462515530627,0.0,16.0
588.8600432567296,471.99400033664324,621.9265776522959,565.4800299857475,0.0,13.0
1071.5130233311231,440.3355329389,1083.5720410836177,465.8117644830146,0.0,3.0
842.2529317809884,464.63304155410856,872.6825337495239,549.8164256773609,1.0,29.0
567.5213723458135,473.25776848211717,600.8200837987347,565.8099615945955,0.0,16.0
591.1165377934676,472.6044945286303,623.6305425773221,564.9430738547903,0.0,13.0
1069.7134448274335,440.1169014140493,1082.096387536015,465.8854309837373,0.0,3.0
842.7785786559916,510.1676511061211,866.2559066350077,558.126479743375,0.0,2.0
822.0707914162267,493.4915357125282,832.6435897858917,511.4513405278954,0.0,30.0
843.2594521190085,463.5973779790421,873.5821408366041,548.2109250194632,1.0,29.0
572.6962095257428,473.2592346708379,605.3416462170825,565.0779202908957,0.0,16.0
595.6190235981298,473.05606703479907,627.452296307848,564.7833325077793,0.0,13.0
1068.6563252096907,439.2192884575019,1081.2692790868718,465.1824983415722,0.0,3.0
822.7512365141553,494.2092046660775,833.763913838001,513.3261103353648,0.0,30.0
845.5571021421406,466.3451300690963,875.2132101873792,551.6861332832328,1.0,29.0
577.7928216347185,474.0033418795369,609.2554797131887,564.5212668603763,0.0,16.0
601.1922331752992,472.7154774734776,632.9352556341412,564.1269383128932,0.0,13.0
1069.3598549192398,439.5061722641604,1082.0806107571284,465.20258786968037,0.0,3.0
825.1378741614756,494.61885463274064,835.9187087521398,514.3559673896431,0.0,30.0
850.0808298726536,467.8741997988868,879.7834954717266,552.1462714642217,1.0,29.0
584.6521902098693,475.92641457474394,614.8479496959028,564.0348370726384,0.0,16.0
607.61261359099,473.1506204335199,639.710508343274,564.7685168340474,0.0,13.0
1071.8115908605807,438.861440078967,1084.3891788897042,465.2249525836826,0.0,3.0
851.8539308098221,511.5765589338915,875.9272076277365,561.0850223892168,0.0,2.0
1610.3137680061975,349.5619870425387,1629.7437270949501,397.55218620829964,0.0,32.0
855.5558231524473,464.6735255448836,886.3291866452572,547.4408705108975,0.0,31.0
828.9756466810122,493.18705458261036,839.6531279479075,513.7174214856036,0.0,30.0
591.5277456299849,473.6985148874183,621.3467463727501,561.0956538719272,0.0,16.0
614.3060578588222,472.0740234140321,645.8257768367828,562.182714291813,0.0,13.0
1074.8296445996705,438.66675972428243,1086.9103538388938,465.2569833034737,0.0,3.0
857.6033371569939,512.1635127706775,880.9239028905537,560.3506151061404,0.0,2.0
1608.7688285066358,350.1303163698434,1627.9889040227079,397.95044201229837,0.0,32.0
860.1661974283852,464.5605883711832,891.7526220221753,549.813140784054,0.0,31.0
831.2610822127428,493.6842409462426,842.5697387376244,514.8472796622012,0.0,30.0
599.1057992822982,475.63901461982334,628.0033743281977,562.1565958505288,0.0,16.0
620.2095672871907,474.1348745284024,651.5976358193396,562.0559489022294,0.0,13.0
1076.9749790135993,439.28725990507075,1089.510942587904,466.9791931411397,0.0,3.0
861.6774773944765,510.5306873389401,885.143750613732,560.210553397177,0.0,2.0
1606.0776210052961,349.59394599574915,1625.2620911281294,397.8337100812541,0.0,32.0
864.3457354518737,462.6477153269451,896.7924369974696,549.9057513633516,0.0,31.0
835.444828496537,492.7222310048055,846.6233132520244,513.1735110909882,0.0,30.0
606.1395580783767,472.4570949431829,635.3128324041104,560.1076288026297,0.0,16.0
627.9072408616994,473.08376807637467,658.2460015445818,559.8688393867172,0.0,13.0
1080.3370415419345,438.86620631152664,1092.8314119380634,467.3623579832165,0.0,3.0
867.4886884585009,509.60943662798053,891.3785481933677,560.5060631039498,0.0,2.0
1604.5617128023446,351.5183591255088,1623.1713081071962,398.8114004983454,0.0,32.0
869.5934395053096,462.48827672472436,902.1324343387867,551.1015143137812,0.0,31.0
838.0138491561366,492.36422915657926,849.2735843762233,513.4537947810309,0.0,30.0
870.3061259686302,465.50609311864196,901.1466966290985,556.7320643677302,1.0,29.0
612.6013848760193,472.3855218916147,640.7521565575834,558.5367265699675,0.0,16.0
634.7091401271886,472.6495876661314,665.7968703325033,559.2915042957708,0.0,13.0
1083.8280878443172,438.0137314995896,1096.544987202334,466.5630846690885,0.0,3.0
872.7523141453424,509.36102090570614,896.927874883611,561.3661074280104,0.0,2.0
1605.8116379935482,356.66344722865125,1623.594750149081,402.36367588438026,0.0,32.0
876.0376931475148,461.94617206021377,909.8328333136387,552.7825843445582,0.0,31.0
843.4273105919248,492.0747439227177,855.087167814302,513.786255399519,0.0,30.0
876.9336959296487,463.7890246637758,908.9032587925627,557.5956553071695,1.0,29.0
621.4632783168996,472.62715725204384,649.2425813762012,557.1820151881138,0.0,16.0
643.0738092869866,472.35651148387166,673.2390607211747,557.8171920998323,0.0,13.0
1089.5108408922563,439.66211904946414,1101.249296526663,467.50589201464567,0.0,3.0
879.3924516021713,509.1389959956786,903.7052922179859,561.8096404949107,0.0,2.0
1605.8598594352704,359.39326659081604,1623.6412358093196,405.2879094590534,0.0,32.0
847.7215373385819,492.5982308150906,859.1927848060985,514.1019434209541,0.0,30.0
882.9467052584836,462.6508256837364,915.0045284789325,555.2761195865975,1.0,29.0
629.8946917935399,472.39878949858036,657.5279780691725,556.4486627651687,0.0,16.0
650.171205625381,472.28018337417177,679.9729215800022,555.8866542084037,0.0,13.0
885.9237370034839,510.0451939227597,910.5603725687733,562.5366237487254,0.0,2.0
1607.3091778278294,362.46076789173077,1624.7288382775473,408.2502905245453,0.0,32.0
853.2154407851289,492.9190557247033,864.1660424253429,514.0606433507455,0.0,30.0
889.5595690002081,462.4161164268133,922.788252943657,555.2481952777563,1.0,29.0
637.9795146711963,474.46584082439927,665.0031733204569,555.7927287126245,0.0,16.0
659.9668028228047,473.455307212949,688.7990918042286,555.0080079823849,0.0,13.0
892.7497642626936,510.434816801121,917.7713871932183,564.2052024660749,0.0,2.0
1604.987477456319,364.1380158491444,1624.7766145882724,414.2428725554181,0.0,32.0
858.3886565325251,494.3036686362485,868.5125107438539,514.3115087074506,0.0,30.0
896.5293836845564,462.4503558092855,929.3331709427808,553.6982770684954,1.0,29.0
645.7551292052417,475.8733658012203,673.1383194787422,555.7174183989683,0.0,16.0
668.6220345964146,474.92482177974347,697.8990853826992,555.3472313177301,0.0,13.0
1104.2932759650123,444.0039729615869,1115.4014708681996,471.7424015880521,0.0,3.0
899.5485927879388,511.0133052374252,924.3535702432384,564.9732500731259,0.0,2.0
1605.8701913565874,367.3596084647276,1627.8578843236824,419.93762652676975,0.0,32.0
864.5996282028515,495.04242212749233,874.5831280154622,514.8362504070748,0.0,30.0
904.0570323182925,464.3671895890014,937.3146638538288,555.3275451951934,1.0,29.0
655.1125476314893,476.52437393185136,681.3651473504882,554.7039850123292,0.0,16.0
676.9037514218371,473.8502357141985,706.9375913457986,553.9141304192642,0.0,13.0
907.1261972840678,514.0268798239176,931.4588056604966,568.5286186609246,0.0,2.0
1604.6699513710746,370.5981790436571,1628.7625919668258,424.3433194523113,0.0,32.0
910.9701160979556,464.46008014620276,944.1491570635018,554.8596489928531,1.0,29.0
662.770555086073,474.85057685585844,689.4362332525868,553.0875796426878,0.0,16.0
684.4467815181403,474.57467150552066,714.1630030298344,552.3976157902468,0.0,13.0
913.751952236179,514.7221110389942,937.5481709742428,568.1565562037995,0.0,2.0
1605.2519871897277,375.25804763021716,1630.3274857292547,429.19441931480225,0.0,32.0
918.7600777101043,464.38150096090885,951.8340773345126,553.9680651726264,1.0,29.0
670.548208321407,475.02839039936185,695.9637108372722,551.1075291123695,0.0,16.0
691.6769579725653,473.7766796453034,723.2510930915562,553.0338200803415,0.0,13.0
921.864995968187,514.8666343183081,944.627847306697,567.7931648474448,0.0,2.0
1604.9773694336247,381.05136503253044,1631.2034183951698,433.47542706347707,0.0,32.0
923.6132213457612,465.1259291414574,956.7269154866837,555.2522739817786,1.0,29.0
677.5579372083557,475.51577063663495,702.8516776600338,550.1866778211709,0.0,16.0
697.4884856688593,474.4539253116389,728.8263510757185,553.1681606715746,0.0,13.0
927.8185791792009,514.9552942092054,951.5296592379732,569.793334249982,0.0,2.0
1604.3103139313712,384.082515555779,1631.940828200528,435.1259707518937,0.0,32.0
929.3857496887331,465.5049662141186,962.8121833269199,555.5151349510328,1.0,29.0
681.9227569696301,472.696625348483,708.4089922389988,548.3045201166409,0.0,16.0
703.1630817937519,472.4650604349149,735.3718593477522,550.7507358366337,0.0,13.0
932.5974778870223,515.1057944069528,956.4681789978606,570.1760561676615,0.0,2.0
1601.4941066687306,387.88952205384635,1629.984217867377,437.42187638270445,0.0,32.0
882.1498579871014,494.7334782338368,891.9435748249449,514.795144537713,0.0,30.0
933.2800272199943,466.0995277148496,966.9009570998901,558.9737187447521,1.0,29.0
685.8520201611142,472.0000359985604,712.4570237947745,547.6579936570527,0.0,16.0
707.3907461780632,472.3139972866089,739.0947259950412,549.5518314352065,0.0,13.0
935.2418750840758,517.6837833198023,959.4915499451714,572.3260482157933,0.0,2.0
1596.571083917551,389.6659939019426,1625.5494520557065,437.64407234059837,0.0,32.0
882.0797645392284,493.43448469549406,892.3907828004743,514.119462000178,0.0,30.0
935.5968512319754,462.7247559731186,970.6240880860722,557.2533196052747,1.0,29.0
689.6018704785473,469.31511769991016,716.2723299385171,544.6756919414937,0.0,16.0
711.7245816868459,471.5819815174644,742.2623263000249,546.8996544109876,0.0,13.0
936.5411481253195,514.3888116615236,961.9827654209275,570.6922717064216,0.0,2.0
1590.0456182125747,394.45552802290473,1619.9484972006956,440.6979845127914,0.0,32.0
880.5453742052258,494.515333330459,890.3750785748692,514.7869055174342,0.0,30.0
935.0815793354952,461.93552090461367,970.4729581405077,558.6463531632737,1.0,29.0
690.2610636932669,469.9927252409863,716.9581815483692,544.8027238467605,0.0,16.0
713.3187567084354,472.88917221541533,742.7466823955598,547.0568961709512,0.0,13.0
936.7104812297728,516.192183588308,962.1307062902422,572.631778789617,0.0,2.0
1581.2780331065835,394.8531606078005,1610.5440935922313,438.3493243329469,0.0,32.0
933.4455277809377,460.8957122261984,969.5577138818564,557.6010049690005,1.0,29.0
688.6607986417212,468.7442762470006,715.7669890162938,543.4833901815418,0.0,16.0
712.3169486001711,471.3858226334012,741.165797652618,542.9483353593198,0.0,13.0
934.90132716703,514.4301553287387,960.2665812654546,570.8820757310632,0.0,2.0
1572.054621047192,395.80506684955367,1600.803494660509,437.0373507955886,0.0,32.0
930.8957318930621,459.19498824546565,967.7621165364534,558.6887173526297,1.0,29.0
686.2069786681908,467.2955538237308,713.6841625813328,542.734839316777,0.0,16.0
710.2035945674843,471.5673728092989,738.7694951853714,541.9020839878805,0.0,13.0
933.2142624033678,514.5481441953187,958.0963552508991,570.3596972500351,0.0,2.0
1563.3466800095432,395.601279970104,1590.6931689547998,436.88676852784636,0.0,32.0
928.929846193563,462.6327543222646,964.4538220208897,567.0411074400736,0.0,31.0
928.8261677413594,456.9584508606603,965.2126557841906,556.1256837507619,1.0,29.0
684.1589948073434,468.6322514584205,710.9952358659613,542.4826051401343,0.0,16.0
708.2341887169179,471.57971669397443,735.9808981594566,541.093183209541,0.0,13.0
930.7184729798777,512.1979595087705,956.1924721423039,569.5158971415574,0.0,2.0
1552.9808406588827,393.81455135296017,1579.4039315318682,435.2997398524809,0.0,32.0
926.1953519453416,452.9682637168886,963.3687248688075,556.3715414293746,1.0,29.0
680.3139573990971,468.833927966269,707.9494329973949,543.5898696771869,0.0,16.0
705.5958573168397,471.7849867170655,733.2723545265372,541.6077426554697,0.0,13.0
927.7133380100015,510.75787166937437,954.0279341105795,570.0324280530352,0.0,2.0
1541.4457512438516,393.66295113487104,1566.2058648660013,435.1417298514059,0.0,32.0
921.641242645803,451.04519648152296,958.9296311477954,554.2381628650771,1.0,29.0
677.181496808381,470.6007911622039,704.474746022861,543.8631607682285,0.0,16.0
701.9662886123474,473.1232878512976,728.4049211978477,541.4084483692751,0.0,13.0
924.5323146710531,509.2247023031182,951.9288859598583,571.4352160373162,0.0,2.0
1533.1314465442852,393.25230750726274,1556.0935468732737,434.76547478564333,0.0,32.0
918.7255810904459,451.18925395233356,956.2520773168716,556.2628746176715,1.0,29.0
675.2781330158318,472.46554600898617,701.6000847578443,544.1831297983678,0.0,16.0
698.4682367241893,473.6711624032571,724.9138865954138,542.0443617534559,0.0,13.0
921.7793263948064,508.70936417289886,949.4699716914525,572.8183734942504,0.0,2.0
1524.307788436717,394.02115338289934,1544.7269511615839,433.8210164821036,0.0,32.0
915.6570986148394,451.95141554333884,953.4156607567987,559.6140141588937,1.0,29.0
672.5824534926472,475.31865503127347,697.8151497664147,545.053767813893,0.0,16.0
694.8893096016194,475.80393404479753,722.1539147671518,544.9659348189267,0.0,13.0
918.5502589204465,510.22002553963097,946.0029380304776,575.5713123331379,0.0,2.0
1515.5683032418767,395.4050045468992,1534.9824830949035,434.0196188850056,0.0,32.0
913.0710903162051,452.6620031898365,951.56679328739,561.8305404646821,1.0,29.0
670.600608104283,477.2195077789249,695.1312174551125,545.7309330393615,0.0,16.0
692.7041462175688,475.75375771481816,719.8202682156069,544.942099970191,0.0,13.0
917.1411368788414,512.2139215330377,944.217191627819,577.2470111306608,0.0,2.0
1507.9209233768609,396.3263891072695,1526.2414951146768,435.1971272225861,0.0,32.0
911.3639120050719,455.0448750723666,950.8675857399174,570.4411314809794,1.0,29.0
669.209845366121,481.412546589594,692.4664195828743,547.6001368755241,0.0,16.0
690.415396622473,479.9305128913386,716.5847841429265,547.5790943675397,0.0,13.0
915.4873645713989,515.9932787596387,942.2554214425924,580.7104290868928,0.0,2.0
1501.2583186435074,399.17965992403185,1518.6639106684436,436.8744449836846,0.0,32.0
911.5224502120641,451.26753851614365,952.0107860744954,568.7892189434875,1.0,29.0
669.7879088348608,481.72959776871517,691.9039561727544,546.5625243896914,0.0,16.0
690.1478506072096,481.1805538253118,715.6604273124856,547.5043633119915,0.0,13.0
915.6282984630391,515.7166655397453,942.9874242191022,581.4069111179434,0.0,2.0
1496.4370778375544,401.5351127606095,1513.708575170201,438.9441372864515,0.0,32.0
913.0508616142856,451.30660820186677,954.381976319991,572.8488456122698,1.0,29.0
670.7968477383137,481.0025257262375,692.8965329318986,545.141245934717,0.0,16.0
690.9939630018371,480.934232834717,715.732827320832,546.2107961904674,0.0,13.0
916.8799474892885,514.4077464254216,943.9472680186798,580.8688828902135,0.0,2.0
1492.6457756040402,403.64201678325463,1509.7256295647414,439.5314900831857,0.0,32.0
913.8134874458435,449.5059077968609,955.7596560582192,571.8899577636404,1.0,29.0
671.1467627526197,478.74822275740246,693.4075898932476,543.4193763821718,0.0,16.0
692.9798602948955,479.2555082854739,718.2845318638589,544.0442099121041,0.0,13.0
919.1633251829188,512.4626102288241,946.447466519537,580.4277413279558,0.0,2.0
917.1121445282297,447.1030849587836,959.3369780158503,569.3176846284538,1.0,29.0
674.3645254158788,475.50311590798674,696.7959640545195,540.7176318557371,0.0,16.0
694.8705437783601,475.93910187168046,720.2956295966592,540.6143528876567,0.0,13.0
922.3951910179492,510.0762860000771,950.1936854885666,579.654046243663,0.0,2.0
919.4260019551962,446.52941334057937,962.9372328740842,569.919851536612,1.0,29.0
676.8701431349057,474.4179651778082,699.4567880523773,540.1188153512331,0.0,16.0
696.3578198644935,475.60916352127236,722.2767748102382,540.5470809602765,0.0,13.0
925.7696782369421,509.19748596072554,954.2779422270658,580.3954578702246,0.0,2.0
923.9366431243496,445.7779941755814,966.9699573631989,566.937044019124,1.0,29.0
679.4715119496519,474.3971801753163,702.8966445566438,540.712679948137,0.0,16.0
699.6722546123443,475.80281710541914,724.536170942274,540.5448546630307,0.0,13.0
929.0228791104955,510.9683080245907,956.8680123101235,582.6499478125337,0.0,2.0
1475.7036978359795,412.0548524998722,1492.4720755191572,447.38672170193723,0.0,32.0
928.1508584537504,457.7312215776699,966.8564093768415,578.3051452025968,0.0,31.0
927.0407862253172,445.5883450321896,969.9894072723911,564.5176883523059,1.0,29.0
679.9524410610262,472.6626584997622,703.9266228342323,538.9419427769585,0.0,16.0
701.0241013415507,475.1455835934446,725.4311062337003,539.1048848126245,0.0,13.0
931.1022016737767,510.62806425940323,959.2222079715974,583.5282163192284,0.0,2.0
1472.139330080245,411.97381619937073,1487.6908120248852,446.32947942249143,0.0,32.0
928.6910682770839,444.80682482045506,972.0031179820643,563.1329910626513,1.0,29.0
681.1628110387713,470.592275983983,705.1062623637364,536.1362365979417,0.0,16.0
702.0956322679349,472.16712744373865,726.2633088303692,536.0588461895912,0.0,13.0
932.6116220313576,507.28902252212924,961.6997686614742,582.226496036805,0.0,2.0
1466.5257824965718,411.8657830727056,1482.1418280908094,446.54200401406155,0.0,32.0
931.4661357573335,445.57675814463147,974.4960612692674,565.0524743940642,1.0,29.0
681.9657373035344,470.3444270202431,705.5148531620597,535.0928041213467,0.0,16.0
702.3086263495853,471.2857126443716,726.3431505246168,535.2378259363993,0.0,13.0
934.2213932763667,505.57460307139837,963.9849148411989,582.4419195931102,0.0,2.0
932.4873868238354,445.436682267969,976.1922937276123,567.7915081823402,1.0,29.0
682.1860643616396,470.9322984894139,705.3980626712355,534.411177893833,0.0,16.0
702.8454420984963,471.2622497817788,726.4396945131359,535.0504814067779,0.0,13.0
935.1177462607169,507.62299854591384,966.2138784451198,584.7702025105713,0.0,2.0
933.1383097138083,444.6058640010044,977.4729310261492,571.0050451580606,1.0,29.0
681.8122108167272,471.5038119683695,704.0338986367306,533.2508150780811,0.0,16.0
700.2788354537207,471.0623787991711,724.3437857680796,535.4305989676401,0.0,13.0
934.9323996993738,508.7943438630685,966.9645869794641,586.6393614241889,0.0,2.0
934.0953559859973,444.026120859077,979.084613699515,573.0109011198194,1.0,29.0
681.0434371554136,472.5991257365796,702.5812967132961,532.8933006901445,0.0,16.0
698.6138080524219,471.14999942990585,722.9014434209954,534.764141772769,0.0,13.0
935.5481204209917,510.59972915857156,966.9604858508516,587.244457971994,0.0,2.0
1440.2762994562893,411.48173135728894,1457.759808069184,448.66201405786944,0.0,32.0
933.7386405268521,442.93351903369245,979.9364182164891,575.1832764492851,1.0,29.0
680.6864559309723,472.76611602391284,701.4695795561405,532.2679459357779,0.0,16.0
697.7140596404606,472.1863551674529,721.3930486144889,534.4153545160847,0.0,13.0
935.2744169570286,510.79021570139844,967.1990975168118,589.193707627659,0.0,2.0
934.7589684126766,442.1958386675243,981.1539427061297,574.5470518742399,1.0,29.0
680.2092279023296,476.02777685408853,700.7944381559176,534.385969015001,0.0,16.0
697.8795318184518,474.59487763162497,721.4570968271375,535.4229961509495,0.0,13.0
938.7475489677524,510.832667804397,970.6211386993937,590.4024318117106,0.0,2.0
937.7373832899688,441.1653890251665,984.9609584860397,574.2528357960306,1.0,29.0
680.174127266059,478.1454901738622,700.5797130739822,534.7341569847562,0.0,16.0
698.6259933769821,475.4866320182183,721.762284646085,534.8065926521842,0.0,13.0
941.1668115877948,509.01420233077766,974.1465476546908,590.8451161485209,0.0,2.0
1420.4053344553934,414.4617232718704,1439.9905662863318,453.435002777379,0.0,32.0
940.6171753604564,439.78931426726444,987.8938890049122,572.0687465444988,1.0,29.0
679.9529642544908,477.35861833641525,700.0435739905959,533.7398161106411,0.0,16.0
698.949851714263,475.3540069678363,721.8662329157204,534.1180650857996,0.0,13.0
943.9358832395362,509.63955031362013,977.5910606094762,592.7777168388167,0.0,2.0
1414.5517415816935,417.1486924779245,1435.0677003476453,455.21542726325805,0.0,32.0
942.6838464694707,441.4058385886724,991.1631482950864,574.8920626898152,1.0,29.0
680.1770641409938,478.9610155156997,700.4414763242575,535.3136125612657,0.0,16.0
699.0997998042612,476.6854491548467,721.8689888502797,534.8071678409392,0.0,13.0
945.2971305752269,512.6072159743235,979.294258046205,596.0430804966325,0.0,2.0
1407.914614204627,417.7583944608883,1430.8792092318154,455.776282106994,0.0,32.0
944.3576414287702,439.972290357004,993.8278312504447,576.2740355024229,1.0,29.0
680.22387548979,477.81065017699564,700.654148140619,534.2504713177048,0.0,16.0
699.562240466558,477.0013427235204,721.4497449210346,533.5253454622814,0.0,13.0
946.0013543404663,511.3803571471441,981.4097013053371,596.7052480174772,0.0,2.0
1403.207980101332,418.01783376617544,1427.0456129382837,455.5926832760733,0.0,32.0
946.2829593741831,438.96394211703887,996.698874100862,577.190352698203,1.0,29.0
680.797263062009,478.05683803771774,700.961057547664,533.962458403396,0.0,16.0
700.6281403215514,477.29412637160215,721.9577317780106,532.8511779278431,0.0,13.0
948.5422445533778,512.2474435094066,984.0476520658657,597.712527665486,0.0,2.0
1396.7601191976466,416.2262163939302,1421.8118419359696,453.02784025513364,0.0,36.0
1397.2564973490228,417.22599445303786,1421.2034993277705,453.8471223155133,0.0,32.0
948.7890065108508,438.6758272965011,999.9391106199413,579.7606904973786,1.0,29.0
680.186828748204,477.8232528924269,700.2722883976352,534.180682108293,0.0,16.0
698.2783451484714,478.1798085558073,720.0775963487378,534.1882442295199,0.0,13.0
950.0439276486526,507.8000558437291,987.719248734115,597.0876909758704,0.0,2.0
1390.8893178453875,415.57720900985294,1416.0386966603721,452.278257557478,0.0,36.0
1392.120111978432,415.9046610281863,1416.5863031413185,452.7002478759596,0.0,32.0
950.4424790215725,435.7501978627522,1002.7516933999754,579.4425176192539,1.0,29.0
679.5740877480258,476.9328085987066,700.4539352671851,535.0665197796611,0.0,16.0
952.504470778855,508.29761844089603,991.9423768050435,600.3655524880787,0.0,2.0
1384.9228568897388,413.91185345861993,1410.0987134667776,450.5039271834062,0.0,36.0
951.323991627325,433.1393188813263,1004.3384534217424,578.6090589174439,1.0,29.0
678.0654240116331,476.6713864120279,698.723380090655,535.3271686845595,0.0,16.0
954.7690848684033,508.79914851055594,994.4384383950619,601.1176340955693,0.0,2.0
1379.013538171197,411.5877964120803,1404.0208571691346,447.2342186755914,0.0,36.0
953.1860693501819,431.3814742171287,1007.4968371430057,580.1622470751245,1.0,29.0
675.9342866891318,476.03638717568424,697.5438300225055,535.9624756536138,0.0,16.0
956.7967813870978,508.1875541753626,998.075200543127,602.0270249759741,0.0,2.0
1371.5189723696674,413.21673348673306,1395.9342390867725,446.26627056647993,0.0,32.0
953.4987349947244,430.8151887585096,1009.1557256244248,583.9712465160862,1.0,29.0
673.6422985540556,478.51779921832076,694.2589989396787,536.6185106949882,0.0,16.0
957.9261168235574,510.10931603475876,1000.5627637719205,604.8045461901742,0.0,2.0
1365.5518016070216,411.99818457695255,1389.2842563127563,444.3720357286603,0.0,32.0
954.318416298238,430.4493266379785,1010.1149548668692,587.0038074812514,1.0,29.0
671.8958521118068,479.30172040940965,692.1534773847927,536.0109083060104,0.0,16.0
960.2842438080855,512.8422504225738,1003.529918076436,605.7949622536695,0.0,2.0
1360.198931954762,412.093999267893,1382.5590070500293,442.69922115168134,0.0,32.0
956.6849113559133,430.7286162891384,1013.4796818918951,589.8322223900127,1.0,29.0
670.5612454308687,481.857149181889,690.2880716281909,538.0963504146944,0.0,16.0
691.3344625225337,483.5840888766729,712.3317635847176,535.730697179958,0.0,13.0
963.6757379082246,514.0613580171823,1007.6223952557325,608.6353225849309,0.0,2.0
1355.4964280334755,413.1152272913615,1376.8939519728026,442.1914281216564,0.0,32.0
959.7846445042424,428.1641462526332,1017.3805947954531,587.72165049096,1.0,29.0
670.4122061103639,482.6422761093493,689.7962046183924,538.6561976408137,0.0,16.0
691.3107048332454,484.46833864364834,711.3733441760235,535.7641515581716,0.0,13.0
966.3443724954436,513.511641490915,1011.5044472993277,610.1604848205186,0.0,2.0
963.4143672730623,424.85304029445615,1022.5936854237774,585.4834908476125,1.0,29.0
670.5779031360679,482.7633605512387,689.7522243118741,538.7272576585997,0.0,16.0
691.5400273402455,484.75078220230904,711.0458261223431,535.59499132361,0.0,13.0
970.5445317889348,511.4146553174576,1016.6097587705078,610.6786635904791,0.0,2.0
968.0377116125218,423.599789573567,1028.8307290411499,587.4532800307499,1.0,29.0
671.3580356968778,482.6221032785595,690.0026179462766,537.9645783625703,0.0,16.0
692.6354393418246,484.8440011470088,710.8521777040255,536.19861188517,0.0,13.0
976.290033140338,509.24537614332553,1023.3449358233099,611.3639743380661,0.0,2.0
974.3324844514492,422.22379855586865,1036.2302420865642,589.2948745778384,1.0,29.0
674.2995662462646,482.4233962287516,692.9831723140636,537.7755718743751,0.0,16.0
692.9962678916271,483.1771522572361,712.4227525813598,534.8617086433142,0.0,13.0
981.7061475865258,509.8191897563871,1029.6966085049082,614.1911199555055,0.0,2.0
980.1792499525081,420.20078975774015,1043.2210765844106,587.6551654280801,1.0,29.0
677.5982295223819,482.48619429763085,696.2317196580368,536.7795240405562,0.0,16.0
696.1530249503217,483.16623523720494,715.3637163158096,534.6690034605712,0.0,13.0
989.0572969010801,509.3670475216511,1037.6285268187883,615.702068812175,0.0,2.0
987.474413966047,421.96653348913185,1051.4405883690415,591.8763315098963,1.0,29.0
681.8228305545304,482.7234754455244,700.862227477822,537.03787469069,0.0,16.0
700.2557412859762,483.98568728428796,719.3374811228555,535.4282773586159,0.0,13.0
996.9540770965275,510.7747476861763,1046.0087003459296,619.9898661635951,0.0,2.0
996.171562070045,418.5619766997878,1061.3478465647102,593.3597879038913,1.0,29.0
685.7921083791426,482.7402794593923,704.7250681261045,536.4221331678494,0.0,16.0
705.3894794783268,483.43517947034826,724.2507226392609,533.3747970454534,0.0,13.0
1005.5839088995527,510.7076395679155,1054.5635399865475,622.4757720325606,0.0,2.0
1003.5985535261904,417.52157630254794,1069.4005357669507,595.251471801496,1.0,29.0
689.4863884496166,482.13939542459343,707.5846437996125,534.4876989986514,0.0,16.0
705.9489820323248,481.99441817996245,726.3054283567911,533.2034814009756,0.0,13.0
1012.0515737838205,509.4215616397425,1063.062975768485,624.2234611638372,0.0,2.0
1010.5925894458612,413.18433956688943,1078.2945409997885,595.1414011441008,1.0,29.0
692.8092032750433,480.61057505870866,710.357992385543,532.1265577250693,0.0,16.0
709.207789089511,480.2873538455003,728.6883964323482,530.5764856548583,0.0,13.0
1017.241172997705,505.408229328492,1070.4759003091342,624.203273732221,0.0,2.0
1017.2594176042219,411.1921883898929,1087.6406290156176,597.3071285150287,1.0,29.0
695.8121323907592,481.2077030356396,714.1051480867823,532.8008276075766,0.0,16.0
713.7600316464909,482.0649437616834,733.2299717178282,530.7171163865355,0.0,13.0
1024.7392359208052,509.3611791441464,1080.3620764564525,630.6145911035625,0.0,2.0
1024.9695284687643,408.2294199353871,1097.5346372717074,594.9820284481946,1.0,29.0
699.454241195381,480.3101384176434,718.2205408897157,531.161326937203,0.0,16.0
714.1831698265955,481.3300643066865,732.7477782017725,529.9131155939677,0.0,13.0
1031.2023182902979,510.63006880132383,1088.9243042735245,632.5750572970101,0.0,2.0
1032.238678655022,411.24776263382006,1105.9901738608921,599.8359687767451,1.0,29.0
702.0672161740226,480.70521033887536,722.0935589200155,533.2010459509413,0.0,16.0
1038.0688631063254,510.65223321783407,1100.1586391223482,637.887759378814,0.0,2.0
1039.574029799505,409.13948427379466,1115.304511421046,601.4634957191563,1.0,29.0
702.7106182068054,478.38254978660194,722.7966929275407,530.9184769660936,0.0,16.0
1043.8339355226838,507.987063803066,1109.5320447732831,639.5022469634154,0.0,2.0
1047.3094389322594,412.591273072076,1126.8861708098668,612.6107259400293,1.0,29.0
704.3733618486525,479.914277235157,724.8506568337535,532.6713785898345,0.0,16.0
1051.0623833098207,514.6489937789737,1119.5660255033295,647.8095181561615,0.0,2.0
1052.4407480545879,411.68138243418025,1135.5977015439753,621.0547586308378,1.0,29.0
705.397225445145,479.68442993345104,726.1235926740252,532.5059050343617,0.0,16.0
1056.5998067172723,516.3901684930697,1128.0702595056437,652.0295984302322,0.0,2.0
1057.8877134359832,410.9605184407583,1143.7757587555366,625.8405179519316,1.0,29.0
705.3151076479412,482.47566161615714,725.7459305107257,534.2723803991169,0.0,16.0
1062.1387383964325,521.9662978502708,1137.104489294371,658.5812552420048,0.0,2.0
1326.3965565686683,427.6052611512526,1339.7942965794057,456.4581264453083,0.0,41.0
1063.717392494818,406.60955564380026,1152.4315187088496,626.8841216688817,1.0,29.0
704.6391949501501,482.4395919463215,725.1899052910173,533.3502072617518,0.0,16.0
1067.4498203838448,519.6799035281765,1147.4056832889473,661.6084866759966,0.0,2.0
1321.2643084700671,427.9567670779721,1335.049174656975,457.26004926706827,0.0,41.0
1068.0391719662402,402.49982755233617,1159.0285559513036,625.540005807783,1.0,29.0
703.2949586536735,481.4773612930627,723.6432865185935,532.277791980008,0.0,16.0
1071.8846817710807,518.4780118534392,1155.7976225980872,664.5713647303754,0.0,2.0
1315.3313254137288,425.54874755367655,1329.2999648559053,455.01037930819484,0.0,41.0
1070.6071497646185,401.06940014210545,1164.7396209911085,629.8293201900333,1.0,29.0
701.3694849220027,482.3184313633742,721.499897219796,532.3182303109083,0.0,16.0
1075.1665827113245,517.8547347254682,1162.1172496601578,668.3669194291908,0.0,2.0
1306.502510433182,425.8125395316287,1321.2561607610367,454.85430108140594,0.0,41.0
1073.093365694227,398.40916856959194,1167.518516669979,625.6255399093492,1.0,29.0
698.3166683210916,483.4341902270708,717.8995598009822,532.2962426383659,0.0,16.0
1079.450307731899,513.2284657100824,1170.462897839704,668.1150385107724,0.0,2.0
1300.1487418611227,422.67906375140177,1315.5695251761936,452.61845669139717,0.0,41.0
1079.1608199555244,394.76923908014254,1177.7426269965758,627.1162876142098,1.0,29.0
1085.3445970635069,510.80286099085123,1181.4384123681596,671.855493309313,0.0,2.0
1292.658394640033,420.5946558387567,1308.7894714481574,450.768723447959,0.0,41.0
1082.410417737128,391.2467585033253,1184.186263483981,628.6441803226775,1.0,29.0
1087.9202651023318,509.7258026489779,1189.1760992830875,678.8182015568947,0.0,2.0
1286.0655369912486,417.3531409560663,1302.7457479053862,448.3366576504039,0.0,41.0
1087.6062247729888,388.1571040146714,1195.7865633551696,634.4763335263533,1.0,29.0
690.2544031962176,486.9144389914029,708.4993676097921,532.8281951138221,0.0,16.0
1092.424275772737,509.62916371327697,1197.5166095437553,684.584127932862,0.0,2.0
1279.3956129089215,417.1501972179453,1296.5560376258045,447.08909932302146,0.0,41.0
1092.9453472709893,384.6500833307157,1205.5785716584196,639.8081315824934,1.0,29.0
689.4941055481402,487.57257581955656,707.531333173248,533.434588623794,0.0,16.0
1098.3403035712922,509.02780454603914,1206.1549567548154,689.019769071755,0.0,2.0
1273.5800495637322,418.9527162781329,1291.770521753996,448.3604819177965,0.0,41.0
1097.8734475435015,382.09616200764674,1212.6981204086153,642.1494384800982,1.0,29.0
688.3804702719311,491.13895636862276,707.0272277931143,537.2037569702773,0.0,16.0
1105.1261786896619,511.02676571151756,1216.7914719159437,696.4591919632558,0.0,2.0
1268.0440318417989,417.68417574853976,1286.6059038469905,446.92496378897255,0.0,41.0
1105.1774011053453,377.3184839085529,1223.4907345506035,642.8793209057194,1.0,29.0
1111.6774655548863,508.7192489945338,1226.1183003176532,698.9475426428879,0.0,2.0
1262.944524096282,419.54531091413355,1281.669226448045,448.2016250588538,0.0,41.0
1113.6690793382525,376.6585037919599,1237.3785897156174,653.2521122536798,1.0,29.0
1120.853452145623,511.3519262329552,1238.4728589599579,704.4332055376204,0.0,2.0
1257.0769164121,419.7843803827254,1276.8716359663188,447.4825846712516,0.0,41.0
1118.8708479321087,370.8223878972598,1245.4889105205004,657.4929221253986,1.0,29.0
682.0094426281585,494.7993988521004,702.4280109067834,540.9662448770438,0.0,16.0
1132.923936550005,505.44469695486976,1252.772059138336,704.6484477655728,0.0,2.0
1127.6684583173212,364.0775155685574,1258.7230527631416,661.8931034910779,1.0,29.0
681.952474805293,495.724190079296,703.0301793471848,542.3038673659764,0.0,16.0
1143.9138582065038,504.6193747477471,1267.0501242865457,708.7195781845264,0.0,2.0
1139.0476753680402,355.3377920387652,1274.5844922825383,659.6128987790386,1.0,29.0
683.9098415607464,497.1017095738168,703.0983179642471,542.1882685044068,0.0,16.0
1151.9576585189743,502.82070157348437,1280.4831542371371,714.5726514111835,0.0,2.0
1152.0921611094327,349.1585971423875,1292.5066303831272,661.6611816021497,1.0,29.0
686.5250931310618,498.27110559676294,704.3848286207444,541.9797157835822,0.0,16.0
1162.998286945498,502.1157558592522,1298.2431376819682,721.0570857528412,0.0,2.0
1167.7056656208722,345.8308149592865,1313.38009337366,668.8624299494172,1.0,29.0
691.0637256754356,498.9050014551601,708.8895325944842,543.0394576081069,0.0,16.0
1176.4930324531897,505.9744870024805,1319.7727270252808,732.0492229647463,0.0,2.0
1182.327346350773,339.92856724686845,1331.1151231471526,670.0839917151491,1.0,29.0
697.300388410922,496.98220233360325,715.4713677154481,541.4242923486975,0.0,16.0
1191.7531319248615,506.31475610347775,1342.7686723813936,740.5960512253353,0.0,2.0
1201.8094638346047,334.00464326624297,1359.5781176894266,677.8025065026065,1.0,29.0
702.2118677125675,494.15758046840546,721.1153939994306,539.8867242302091,0.0,16.0
1207.6206267177708,511.7526574602307,1368.1231175698463,752.7898557313192,0.0,2.0
1222.2366067858825,328.6976962144442,1389.4382961751194,687.0254225192537,1.0,29.0
707.9445734667947,496.8972398959388,725.7234801433883,541.352742593426,0.0,16.0
1226.4605561925996,512.908178901234,1398.1303864166698,764.0880028061309,0.0,2.0
1241.9327158125557,321.0229333328689,1419.3277739172058,695.9644300050893,1.0,29.0
714.65532033928,496.61703958204436,732.3322907461952,539.978072429609,0.0,16.0
1245.4352667565156,516.2496829582827,1428.4581347502578,775.198386400058,0.0,2.0
1262.6623008839174,308.4382366374822,1451.4328634421722,699.4150140188191,1.0,29.0
1261.8505450579964,515.9100458609242,1459.4472512859602,789.816794609449,0.0,2.0
1282.9050264657997,297.15180582348216,1480.8588381082916,693.6771169223613,1.0,29.0
1280.0009427404439,520.6661826231998,1490.9674895825874,805.4845336491303,0.0,2.0
1302.5791184260593,288.3113314026659,1514.3278327939765,697.5870444553973,1.0,29.0
1298.0587441346697,523.7181238645044,1524.7459421690046,818.4259143683369,0.0,2.0
1322.1999610589849,278.84719937225134,1546.5283602983925,701.6437286283291,1.0,29.0
733.1886257053508,494.52453718674474,751.8031894081076,536.7153460213306,0.0,16.0
1315.2514423998948,527.3528212442372,1559.126255331151,835.4479788136643,0.0,2.0
1345.524680323415,268.3829089851199,1584.6653542098838,705.6188098641785,1.0,29.0
1330.6602253794074,522.1764751182782,1596.6139922918344,848.611858876646,0.0,2.0
1366.0770684323563,262.5519758353283,1619.8614759715294,724.1656756577383,1.0,29.0
1348.866824341672,523.9171220615375,1635.54470403646,868.8535007923591,0.0,2.0
1390.156146228451,253.76642349668361,1654.8853314236887,732.724101521825,1.0,29.0
1368.2350935362886,524.5186027878665,1680.0017944560907,889.4119162501479,0.0,2.0
1415.3441362391284,246.44004065969827,1698.4453895946747,754.7411574317917,1.0,29.0
1388.4826891159057,524.7244920249768,1728.545301359837,914.5130457126227,0.0,2.0
1439.9905844579835,230.11760183040406,1743.799037550944,773.134581811478,1.0,29.0
747.1503381261675,491.85791902166955,764.5772676238789,533.0941494696773,0.0,16.0
1411.0681236693497,519.0447699674834,1779.8121890786308,932.505592420638,0.0,2.0
1465.0231979102862,220.31148539226814,1787.9239220600618,806.5037940210459,1.0,29.0
748.6275638038733,491.95688220966855,766.6128713931025,533.6590516937499,0.0,16.0
1433.7417897312234,521.9663938940657,1833.6998015084855,956.4988498918572,0.0,2.0
